HEDERA_NETWORK = "testnet"

MY_ACCOUNT_ID = 0.0.3833837
MY_PRIVATE_KEY = 302e020100300506032b657004220420213472e1b8d055859f0a249041b1bde506fa94c31bf2a9ed43231b480cf5cd2b
MY_PUBLIC_KEY = 302a300506032b65700321005957ce8c5f05175ee8b1617f270309378ecce05eb85e9eeb684a4fb527ada80a

ACCOUNT_ID_1 = 0.0.3904686
PUBLIC_KEY_1 = 302a300506032b65700321004f169b637450ff08c37d3f4b39cf7cd261c75e0a5be05fd3c5a6bcd83aa5c281
PRIVATE_KEY_1 = 302e020100300506032b657004220420dbcde2c4ceac72ce5991386165564a35710a4d0a91091962114e1a4228a9cdb6


ACCOUNT_ID_2 = 0.0.3904687
PUBLIC_KEY_2 = 302a300506032b657003210078064dcd1d3449d0dbccf6cf92d7fe5007b0264f015b7a50221aae525b15329f
PRIVATE_KEY_2 = 302e020100300506032b657004220420e85b5df17a3ce3a7655629832b9e1fe7aa47b7f886e6a44504db0451349b06c6


ACCOUNT_ID_3 = 0.0.3904688
PUBLIC_KEY_3 = 302a300506032b6570032100810406daca7096f88042890f3bdb60456840761246511a1f186f2d8fe6ca1e58
PRIVATE_KEY_3 = 302e020100300506032b6570042204201fab3cf640351b4408249fb44ec652eee9d84226ed6a5c00482f328264bf9de6


ACCOUNT_ID_4 = 0.0.3904690
PUBLIC_KEY_4 = 302a300506032b6570032100fde02857a7ce2a253fa295027aa0f795011d237d40be3bfa46551bed6cbfbd69
PRIVATE_KEY_4 = 302e020100300506032b6570042204203d4e809c53312fe7b77ff7bec7dd99d8608d67f0ddd01c21af13b7bd7b208660


ACCOUNT_ID_5 = 0.0.3904691
PUBLIC_KEY_5 = 302a300506032b65700321008db29a94bf03c1672cdc5f7254327c98e02af047f25c65cfd3a855d05ab16cfb
PRIVATE_KEY_5 = 302e020100300506032b657004220420c987e09bf02c892df7108a4ae48a72431760e33f12a0a42ffa107199a0d96f0c